.Random.seed <-
c(403L, 1L, -730403616L, -765969026L, -1059721207L, -437395397L, 
-1197543926L, -1692418580L, 645837423L, 387644837L, 1210400092L, 
-513982158L, -1820041171L, 988733159L, 1295414286L, 39779816L, 
-1106794517L, 1549924489L, 376069144L, -674448570L, -1322366559L, 
-143722445L, 1663808930L, -393736044L, -512346345L, 2030846221L, 
32679972L, 1136011274L, -1115546251L, 1959349455L, 53518294L, 
-850747520L, -384887869L, -1832250015L, 216591312L, 1062374190L, 
-790432039L, -2073942805L, -1648138918L, 823367452L, -1147710945L, 
-117935499L, 865189644L, 2009543394L, -10311747L, -2123194313L, 
1505553118L, 1205294616L, 583563643L, -356814567L, -952066648L, 
-1608597162L, 961397201L, 224493955L, 774045714L, -817073244L, 
1545601895L, 1101404349L, -1303814092L, 77820826L, -1659371547L, 
-1748907137L, -1740260602L, 1044624528L, 1373963571L, -1932729647L, 
1078814848L, -734195362L, -1354160471L, 1342181723L, -1051067542L, 
2027319820L, 447484495L, -2093531387L, 1908094908L, 1655992978L, 
-1275807347L, 877175239L, -343260498L, -1902490872L, -950241013L, 
464504809L, -476405576L, 1443268454L, 249340929L, -173534573L, 
895956290L, -1286137100L, -1052317961L, 1101309677L, -437997180L, 
-1093288022L, -605338347L, -2127204433L, 362684342L, -1222375968L, 
1530731811L, -1642941887L, -1247912656L, -200018098L, -1553556039L, 
1777188811L, 340620410L, 1689085308L, 1871642047L, 1565735573L, 
418064556L, 333886082L, 1424128605L, 504720727L, -629141442L, 
229893240L, -1259262117L, -2103846215L, 1484388104L, -2030023242L, 
-1095560463L, 560944419L, 238030706L, 941481412L, -883300985L, 
-291821731L, -643602092L, 1164962682L, 1640450757L, -1586013153L, 
623766438L, -1944195792L, 548786131L, 1831976433L, 1150290720L, 
-1880185410L, -1206542903L, 1831387515L, -1777170614L, 330504108L, 
-1802035537L, -79225755L, 2046413852L, 1793319538L, 1471403245L, 
218451239L, -1154483890L, -1451320920L, -1066689109L, 672315081L, 
-1978781992L, 1988637574L, -27941279L, 325459955L, -1810656670L, 
-56138540L, -1659894313L, 129200077L, 1397156708L, 735522634L, 
-363104587L, -1319866865L, 2058239766L, -714085952L, -1283524221L, 
75497377L, -60936304L, 992679022L, 395469337L, -924374357L, -1593758054L, 
-1897059748L, 577075039L, 1744406837L, -1906644788L, 314184226L, 
-1328378755L, -1357875849L, 989706910L, -981214888L, -1274961733L, 
-433660327L, 1157279208L, 603944982L, -87637103L, 312273987L, 
-1297890478L, -1670068252L, -859949529L, -1855975811L, -1238454412L, 
1977107290L, 31438245L, -148606529L, 1015183942L, -875915056L, 
1538552563L, 1508533265L, 1029173824L, -1487804898L, -92753687L, 
-1026043365L, 1558917674L, 447698252L, 140490511L, 1791654469L, 
1900096508L, 1643491922L, 1394479053L, 334203271L, -496665490L, 
-476822456L, 1492344395L, -1413164119L, 1296095992L, -221139418L, 
-1850423487L, 46763219L, 377458818L, 1960373940L, 681216567L, 
-1311567571L, 240525892L, 2047934314L, -1567437867L, 648482159L, 
-1392396170L, 771806112L, 1614955619L, 1078579457L, -1121264528L, 
-1474635762L, 1660692601L, 701776904L, -2046850932L, 849787932L, 
-1090005358L, 1231750272L, -774729708L, -1058183896L, 1817693754L, 
-1925323568L, -1769188244L, 1869427380L, 172529682L, -108492832L, 
500182988L, 1059130848L, 326975010L, -1716639448L, -1170501364L, 
779773500L, -588607246L, -2126927120L, -161590460L, 782981720L, 
2048852538L, -1393064208L, 2119142588L, 1450610196L, 1908310210L, 
-664788896L, -436425348L, 1031683280L, -981152734L, -779142488L, 
1771880332L, 964958652L, -2036628430L, 1797392192L, 1638193332L, 
1675735880L, -1792292166L, -2128244976L, 1854388460L, 1876251732L, 
-2034518254L, -1980943456L, 927932364L, -1807340704L, -1577623358L, 
1692747304L, -693332564L, -799158468L, 1321918322L, -170527952L, 
-1673420252L, -2112032712L, 1852706010L, 736706960L, 595080956L, 
379424660L, -521510078L, 1290852864L, 1220616764L, -704063920L, 
-877587806L, -859325624L, -1347151348L, 1541582044L, 5976658L, 
77252736L, 1593916244L, -590114328L, -255923462L, -208742576L, 
1609245740L, 964826484L, 1809342098L, 300563040L, -71773556L, 
1984981856L, 1895969506L, 1297864872L, 579948748L, -52346372L, 
-1853718606L, -422930960L, -886690364L, 1911093080L, 1941363578L, 
975846832L, -1005092420L, 707469396L, -260049982L, -745839840L, 
-1918773316L, -117329328L, -266916382L, 1873408360L, -560476852L, 
1186504956L, 1131873010L, -1141133568L, 1228177012L, -1820049400L, 
1474867642L, -393392176L, 1975503340L, -1313822828L, 1193054930L, 
1292435040L, 229254476L, 156943648L, -1080579454L, -1861445144L, 
-262930452L, 668321340L, 1994573426L, -1223447696L, 1064413476L, 
2063180344L, -1247454822L, 1021934032L, 1186293180L, -2033870700L, 
-157813630L, -868833856L, -826930372L, -35869552L, 1619024674L, 
-1164364280L, -1853528820L, 1960408476L, 309112338L, 1573174144L, 
1725682452L, 369455400L, -1393310662L, -472093744L, 1186536044L, 
-1792323020L, 1447385746L, 1226532192L, -216573620L, 1597777888L, 
1345009058L, 639841704L, 303683212L, 824376764L, 2097598066L, 
314012656L, -1832063420L, 682618968L, 623605818L, -1900552080L, 
1300699196L, 1271963924L, -441605438L, -342169888L, -2020657028L, 
1880897232L, 187775394L, 1836263464L, 482380556L, -2135799364L, 
-922545358L, 743340736L, -966824908L, -1311740216L, 54015162L, 
335959696L, 792059628L, 1333873236L, -1137757550L, -875742944L, 
-948092468L, 1094361824L, -773984062L, -638637016L, 1409357740L, 
1374395068L, 766299122L, 1492104752L, -844185692L, 1241189816L, 
-200587430L, 1575063696L, 781679484L, -2068258540L, -276399806L, 
-658915072L, -287699524L, -638131888L, 1480743202L, -128394680L, 
-889311220L, 2060408412L, -1361983022L, -1443498496L, 2085549396L, 
-1498321688L, 1222918394L, -1695144240L, 2144750380L, -437350156L, 
1744312722L, 964541792L, -850392052L, -1293501216L, -707026334L, 
-1652030296L, -241894324L, 1050679164L, 1682839858L, -597208464L, 
2029900612L, -1435110440L, -690551942L, -1831434192L, 1209233340L, 
2006032980L, 1044533314L, 110816928L, 1193796284L, -608810032L, 
1505992034L, 572612328L, -998327092L, -1313861124L, 1424118257L, 
1167131958L, 935620052L, 1084113765L, 791497583L, 1083573672L, 
-391243002L, -587391437L, -1141566315L, 1290013938L, 667680064L, 
-447233367L, -1946498277L, -2068579092L, 288588026L, -1452621521L, 
-547539655L, 1712879438L, 1137556892L, 199483149L, -1852319369L, 
71417216L, 1630673886L, -1534790485L, -46641235L, -21117926L, 
1399204568L, -473406655L, -375335949L, 729849364L, 1271625634L, 
335038647L, -359722367L, -1714998650L, 908444356L, 128639989L, 
1182267999L, -797365064L, 1878780310L, 1857385379L, -1689327771L, 
-1286955390L, 508001264L, 296517017L, -346885237L, -1103249796L, 
-497797974L, 789931743L, 740031593L, 1377130110L, -1398563220L, 
-2066070851L, -2073845881L, 2048412528L, -1390364146L, -635136197L, 
780405789L, -915094326L, 1109753832L, 1428688081L, 132704451L, 
-1635901500L, -481928078L, 632550727L, -1137186543L, 4578454L, 
2095583732L, -1794178171L, 489917135L, -515991608L, -1828250010L, 
1639542931L, -678940683L, -1439045166L, 2045800992L, -1595872247L, 
1396306235L, 855118988L, 1486905626L, -114288753L, 376285401L, 
-2061031570L, -1970938116L, 1093442669L, -642947049L, 507285984L, 
334519742L, -1813322869L, 1105449997L, 374666298L, 1076311160L, 
900276257L, -539530541L, 1216424436L, -1612868990L, 1172139799L, 
523986401L, 753638182L, 1706153508L, -636841771L, -2005421953L, 
-1804507880L, -602252234L, -1414937917L, -1238700283L, -594746718L, 
-1283207024L, -1991139271L, 1634898155L, -1869610532L, 1258457098L, 
1331033855L, -483743927L, 825498846L, 730006156L, -507378083L, 
-1575187353L, -280206960L, 1973666222L, 715895899L, 2115560509L, 
-1580160342L, -902588600L, 2857841L, -831595293L, 261911524L, 
-573136110L, -2083328281L, -336865103L, 896293622L, 1708358932L, 
-1533304283L, 1955475247L, -785936152L, 1806070214L, 377135219L, 
-125498667L, -1909106510L, -1393947520L, -15331223L, 375704795L, 
